10 10 10 0.0 1.0 0.0 6.28
8.399999999999988 30.5 3.0 3.0
0.11996161260350263 0.9548708862614603 0.2717182402265648
0.3603653657789812 0.2131453975612323 -0.9081331634983033
-0.9250654110107757 0.20685896178004395 -0.31853313058885274
0 0 0
3
255 200 0
0.0 4.0 0.0
1.0 0.0 0.0
0.0 1.0 0.0
0.0 0.0 1.0
8
-3.221152489529363 0.9203292827226743
0.8849320026179583 2.831782408377464
4.0 3.0
5.5 1.0
7.920000000000002 0.274285714285714
12.179755102040819 0.18044081632653075
12.389048036651399 2.541343187005415
12.353751603498544 5.011099241982507
255 255 255
-1.0 -4.3999999999999995 1.5
1.0 0.0 0.0
0.0 1.0 0.0
0.0 0.0 1.0
8
-0.8571428571428577 9.874285714285715
1.4057142857142857 6.78857142857143
4.0 4.0
5.451428571428572 0.274285714285714
7.8514285714285705 0.3428571428571434
10.525714285714287 -0.0685714285714294
11.142857142857142 3.3599999999999994
11.965714285714284 5.280000000000001
102 102 255
0.0 0.0 6.0
1.0 0.0 0.0
0.0 1.0 0.0
0.0 0.0 1.0
5
0.06363717374293998 16.672939520650395
-0.19091152122882704 10.054673451384588
-0.1906861224489802 2.2882334693877553
-0.038137224489796395 0.4576466938775514
0.11441167346938741 -1.3729400816326525
10 10 10 0.0 1.0 0.0 6.28
10 10 10 0.15000000000000002 1.0 0.0 6.28
10 10 10 0.0 1.0 0.0 6.28
