10.0 10.0 5.0 0.0 1.0 0.0 6.28
8.0 23.0 5.0 5.0
0.5017353453999591 -0.8505711625022805 0.15744948617223842 
-0.862633723971023 -0.4784782902347678 0.16407798158771242 
-0.06422383859805315 -0.21814495935852132 -0.9738008396290282 
0 0 0
2
255 255 0
0.0 0.0 0.0
1.0 0.0 0.0 
0.0 1.0 0.0 
0.0 0.0 1.0 
6
-12.0 1.0
-1.0 2.0
5.0 13.333333333333334
3.375 -7.0
17.22222222222222 -5.666666666666667
9.25 -8.875
51 255 0
11.0 0.0 0.0
0.7645417844284422 -0.2229155437719796 0.6048012237155406 
-0.19293974622497442 0.8161309745018863 0.5447058718108728 
-0.6150204177014088 -0.5331405938431657 0.5809569631280277 
8
-12.0 1.0
-1.0 2.0
4.0 3.0
5.5 1.0
7.7 2.0
9.0 4.0
10.0 -7.0
12.0 2.0
10.0 10.0 5.0 0.0 1.0 0.0 6.283185307179586
40.0 10.0 5.0 0.1 1.0 1.4000000000000001 6.283185307179586
