10.0 10.0 5.0 0.0 1.0 0.0 6.283185307179586
8.0 23.0 5.0 5.0
0.8827389327579113 -0.19755048003995143 0.42631653079538046 
-0.19860143929182478 0.6654118258317819 0.7195724913825081 
-0.42582795223498365 -0.7198617296948064 0.5481511153105151 
0 0 0
2
255 255 0
0.0 0.0 0.0
1.0 0.0 0.0 
0.0 1.0 0.0 
0.0 0.0 1.0 
8
-12.0 1.0
-1.0 2.0
4.0 3.0
5.5 1.0
7.7 2.0
9.0 4.0
10.0 -7.0
12.0 2.0
51 255 0
11.0 0.0 0.0
0.7645417844284422 -0.2229155437719796 0.6048012237155406 
-0.19293974622497442 0.8161309745018863 0.5447058718108728 
-0.6150204177014088 -0.5331405938431657 0.5809569631280277 
8
-12.0 1.0
-1.0 2.0
4.0 3.0
5.5 1.0
7.7 2.0
9.0 4.0
10.0 -7.0
12.0 2.0
10.0 10.0 5.0 0.0 1.0 0.0 6.283185307179586
40.0 10.0 5.0 0.1 1.0 1.4000000000000001 6.283185307179586
